model_name: LightGBM
best_trial: 72
best_params:
  n_estimators: 350
  learning_rate: 0.06086040424372452
  max_depth: 13
  num_leaves: 71
  min_child_samples: 20
  min_child_weight: 1.3909909425890912
  subsample: 0.9178950463687575
  subsample_freq: 5
  colsample_bytree: 0.932415659641114
  reg_alpha: 5.646192552076192
  reg_lambda: 5.306450868169528
  min_split_gain: 0.22045490805655238
  class_weight: balanced
best_value: 0.7232714277357142
