model_name: XGBoost
best_trial: 31
best_params:
  n_estimators: 250
  learning_rate: 0.04975825394678496
  max_depth: 9
  min_child_weight: 6
  gamma: 0.6728775289607527
  subsample: 0.6296668591084468
  colsample_bytree: 0.8363491995081975
  reg_alpha: 0.8809018434573517
  reg_lambda: 0.35375688072013056
best_value: 0.7125592715562751
